user,friend
1,8
1,20
1,44
1,46
1,49
1,72
1,111
1,126
1,142
1,178
1,184
1,194
1,224
1,225
1,258
1,266
1,268
1,283
1,290
1,310
2,208
2,212
2,216
4,70
4,89
4,94
4,122
4,149
4,187
4,197
4,223
5,172
6,29
6,85
6,122
6,139
6,149
6,234
6,245
6,249
7,8
7,46
7,52
7,72
7,99
7,109
7,184
7,186
8,1
8,7
8,19
8,25
8,42
8,44
8,52
8,54
8,57
8,58
8,59
8,72
8,97
8,99
8,111
8,126
8,133
8,136
8,139
8,144
8,150
8,161
8,178
8,183
8,186
8,194
8,214
8,220
8,235
8,241
8,258
8,266
8,268
8,310
8,327
8,334
9,15
9,36
9,43
9,63
9,142
9,173
9,224
9,226
9,252
9,292
9,334
10,20
10,29
10,49
10,72
10,78
10,111
10,118
10,119
10,128
10,155
10,156
10,161
10,171
10,178
10,183
10,184
10,186
10,194
10,202
10,210
10,219
10,223
10,225
10,241
10,257
10,263
10,266
10,273
10,303
10,308
10,321
10,327
10,335
11,125
11,138
11,151
11,158
11,173
11,204
11,212
11,320
11,337
12,34
12,41
12,50
12,108
12,166
12,248
13,36
13,158
13,185
14,138
14,221
15,9
15,36
15,173
15,196
15,231
15,250
15,285
17,84
17,132
17,212
17,221
18,193
18,332
19,8
19,43
19,119
19,138
19,144
19,178
19,194
19,211
19,230
19,258
19,327
20,1
20,10
20,25
20,42
20,78
20,105
20,156
20,186
20,191
20,257
20,258
20,268
21,173
21,310
21,324
22,44
22,59
22,66
22,75
22,89
22,102
22,126
22,139
22,161
22,210
22,214
22,249
22,321
23,44
23,77
23,133
23,136
23,156
23,194
23,308
23,310
23,336
24,82
24,261
24,263
25,8
25,20
25,48
25,52
25,78
25,96
25,124
25,252
25,261
29,6
29,10
29,42
29,46
29,49
29,57
29,72
29,75
29,77
29,97
29,102
29,110
29,119
29,126
29,128
29,136
29,139
29,149
29,161
29,178
29,222
29,224
29,241
29,245
29,249
29,273
29,287
29,292
29,303
29,308
29,310
29,334
29,335
31,216
32,196
32,252
34,12
34,50
34,248
35,71
35,249
35,278
35,294
36,9
36,13
36,15
36,65
36,211
36,223
36,238
36,258
37,316
38,79
38,130
39,193
41,12
41,69
41,108
42,8
42,20
42,29
42,54
42,67
42,75
42,102
42,109
42,178
42,194
42,199
42,210
42,211
42,263
42,327
42,335
43,9
43,19
43,54
43,72
43,76
43,128
43,210
43,233
43,327
44,1
44,8
44,22
44,23
44,75
44,119
44,156
44,161
44,178
44,211
44,214
44,222
44,242
44,249
44,263
44,308
44,310
44,335
46,1
46,7
46,29
46,86
46,119
46,128
46,139
46,183
46,194
46,225
46,234
46,242
46,252
46,287
47,78
47,194
48,25
48,52
48,58
48,62
48,75
48,76
48,105
48,124
48,156
48,184
48,191
48,194
48,210
48,220
48,252
48,258
49,1
49,10
49,29
49,72
49,102
49,109
49,111
49,136
49,139
49,155
49,161
49,178
49,179
49,183
49,202
49,225
49,234
49,308
49,310
50,12
50,34
50,108
50,216
50,222
50,248
51,83
51,203
52,7
52,8
52,25
52,48
52,67
52,82
52,109
52,126
52,133
52,156
52,161
52,241
52,258
52,292
52,327
54,8
54,42
54,43
54,63
54,75
54,96
54,99
54,136
54,147
54,167
54,194
54,239
54,292
55,111
55,119
55,156
55,222
56,103
56,308
57,8
57,29
57,58
57,67
57,78
57,124
57,184
57,196
57,220
57,252
57,257
57,258
57,321
58,8
58,48
58,57
58,59
58,119
58,126
58,138
58,139
58,150
58,178
58,183
58,214
58,220
58,241
58,257
58,310
58,327
59,8
59,22
59,58
59,199
59,220
59,249
62,48
63,9
63,54
63,258
64,212
65,36
66,22
66,75
66,85
66,89
66,98
66,102
66,111
66,138
66,139
66,158
66,223
66,245
66,258
66,284
66,308
66,327
67,42
67,52
67,57
67,72
67,75
67,105
67,124
67,126
67,136
67,161
67,178
67,179
67,199
67,231
67,235
67,241
67,257
67,293
68,308
69,41
70,4
70,89
70,94
70,149
70,223
71,35
71,105
71,150
72,1
72,7
72,8
72,10
72,29
72,43
72,49
72,67
72,73
72,119
72,123
72,124
72,126
72,139
72,179
72,183
72,202
72,234
72,258
72,266
72,292
72,303
72,334
72,335
73,72
73,299
74,173
74,224
74,258
75,22
75,29
75,42
75,44
75,48
75,54
75,66
75,67
75,77
75,102
75,110
75,136
75,149
75,161
75,189
75,210
75,214
75,249
75,263
75,292
75,308
75,310
76,43
76,48
76,257
76,258
76,321
77,23
77,29
77,75
77,283
77,310
78,10
78,20
78,25
78,47
78,57
78,150
78,156
78,194
78,210
78,241
78,242
78,257
78,258
78,327
79,38
79,93
79,130
80,145
82,24
82,52
82,108
82,133
82,192
82,194
82,199
82,214
82,292
82,300
82,310
83,51
84,17
84,138
84,216
85,6
85,66
85,159
85,221
85,284
86,46
86,133
86,160
89,4
89,22
89,66
89,70
89,93
89,94
89,149
89,158
89,178
89,193
89,197
89,198
89,223
89,249
89,294
89,297
89,308
90,309
91,135
93,79
93,89
93,216
93,223
93,255
94,4
94,70
94,89
94,122
94,149
94,223
95,173
96,25
96,54
97,8
97,29
97,126
97,161
97,194
97,202
97,220
97,261
97,263
97,266
97,327
97,329
97,334
97,335
98,66
98,144
98,239
99,7
99,8
99,54
99,109
99,292
100,101
101,100
101,216
102,22
102,29
102,42
102,49
102,66
102,75
102,126
102,138
102,161
102,178
102,249
102,284
102,335
103,56
103,136
103,171
103,201
103,257
104,121
105,20
105,48
105,67
105,71
105,128
105,186
105,202
105,211
105,257
105,321
105,327
107,140
107,194
108,12
108,41
108,50
108,82
109,7
109,42
109,49
109,52
109,99
109,119
109,136
109,178
109,202
109,220
109,303
110,29
110,75
111,1
111,8
111,10
111,49
111,55
111,66
111,119
111,138
111,139
111,140
111,155
111,178
111,179
111,184
111,186
111,190
111,194
111,219
111,224
111,225
111,240
111,242
111,266
111,284
111,329
112,173
115,131
116,147
116,309
118,10
118,138
119,10
119,19
119,29
119,44
119,46
119,55
119,58
119,72
119,109
119,111
119,139
119,178
119,179
119,184
119,194
119,220
119,224
119,300
119,335
120,152
121,104
121,130
122,4
122,6
122,94
122,149
123,72
123,178
123,268
124,25
124,48
124,57
124,67
124,72
124,127
124,184
124,219
124,258
124,284
124,329
125,11
126,1
126,8
126,22
126,29
126,52
126,58
126,67
126,72
126,97
126,102
126,136
126,139
126,161
126,178
126,183
126,202
126,210
126,241
126,266
126,292
126,308
127,124
127,292
128,10
128,29
128,43
128,46
128,105
128,184
128,210
130,38
130,79
130,121
130,288
131,115
131,193
131,332
132,17
132,138
132,158
132,320
133,8
133,23
133,52
133,82
133,86
133,156
133,199
133,255
133,258
133,310
133,327
134,260
135,91
136,8
136,23
136,29
136,49
136,54
136,67
136,75
136,103
136,109
136,126
136,139
136,161
136,171
136,178
136,199
136,210
136,249
136,283
136,308
136,321
136,332
138,11
138,14
138,19
138,58
138,66
138,84
138,102
138,111
138,118
138,132
138,194
138,198
138,216
138,223
138,257
138,320
138,337
139,6
139,8
139,22
139,29
139,46
139,49
139,58
139,66
139,72
139,111
139,119
139,126
139,136
139,210
140,107
140,111
140,194
140,234
140,334
142,1
142,9
142,183
142,242
142,290
142,329
144,8
144,19
144,98
145,80
147,54
147,116
149,4
149,6
149,29
149,70
149,75
149,89
149,94
149,122
149,161
149,169
149,197
149,207
149,214
149,223
149,249
149,308
150,8
150,58
150,71
150,78
150,167
150,191
150,216
150,239
150,258
150,268
151,11
151,158
152,120
153,238
154,212
155,10
155,49
155,111
156,10
156,20
156,23
156,44
156,48
156,52
156,55
156,78
156,133
156,186
156,211
156,220
156,223
156,249
156,252
156,258
156,310
156,327
157,192
158,11
158,13
158,66
158,89
158,132
158,151
158,239
158,260
158,320
158,337
159,85
159,216
160,86
161,8
161,10
161,22
161,29
161,44
161,49
161,52
161,67
161,75
161,97
161,102
161,126
161,136
161,149
161,178
161,183
161,210
161,223
161,225
161,249
161,266
161,283
161,303
166,12
167,54
167,150
167,212
169,149
169,308
171,10
171,103
171,136
171,178
171,210
171,223
171,257
171,258
171,263
171,273
171,308
171,321
172,5
172,270
172,279
173,9
173,11
173,15
173,21
173,74
173,95
173,112
173,246
173,299
174,286
174,298
175,197
177,222
177,310
178,1
178,8
178,10
178,19
178,29
178,42
178,44
178,49
178,58
178,67
178,89
178,102
178,109
178,111
178,119
178,123
178,126
178,136
178,161
178,171
178,183
178,186
178,191
178,197
178,202
178,210
178,221
178,223
178,241
178,283
178,303
178,308
178,327
178,334
178,335
179,49
179,67
179,72
179,111
179,119
179,214
179,222
180,267
182,222
183,8
183,10
183,46
183,49
183,58
183,72
183,126
183,142
183,161
183,178
183,210
183,242
183,249
184,1
184,7
184,10
184,48
184,57
184,111
184,119
184,124
184,128
184,186
184,219
184,224
184,242
184,250
184,254
184,258
184,303
184,327
184,334
185,13
186,7
186,8
186,10
186,20
186,105
186,111
186,156
186,178
186,184
186,220
186,223
186,266
186,303
186,327
186,334
187,4
188,191
189,75
190,111
190,194
190,234
191,20
191,48
191,150
191,178
191,188
191,257
191,327
192,82
192,157
192,194
192,266
192,300
192,310
193,18
193,39
193,89
193,131
193,216
193,228
193,307
193,332
194,1
194,8
194,10
194,19
194,23
194,42
194,46
194,47
194,48
194,54
194,78
194,82
194,97
194,107
194,111
194,119
194,138
194,140
194,190
194,192
194,219
194,234
194,242
194,257
194,258
194,292
194,300
194,303
194,327
195,216
196,15
196,32
196,57
196,252
196,257
196,258
196,317
197,4
197,89
197,149
197,175
197,178
197,198
197,223
197,291
197,305
197,308
197,335
198,89
198,138
198,197
198,223
199,42
199,59
199,67
199,82
199,133
199,136
199,310
199,335
199,336
201,103
201,263
202,10
202,49
202,72
202,97
202,105
202,109
202,126
202,178
202,210
202,223
202,249
202,257
202,308
202,327
203,51
204,11
207,149
208,2
208,324
209,223
210,10
210,22
210,42
210,43
210,48
210,75
210,78
210,126
210,128
210,136
210,139
210,161
210,171
210,178
210,183
210,202
210,223
210,234
210,241
210,249
210,266
210,273
210,283
210,287
210,302
210,303
210,308
210,321
210,327
210,329
210,335
211,19
211,36
211,42
211,44
211,105
211,156
211,321
211,327
212,2
212,11
212,17
212,64
212,154
212,167
212,216
212,218
212,230
212,294
214,8
214,22
214,44
214,58
214,75
214,82
214,149
214,179
214,261
214,263
216,2
216,31
216,50
216,84
216,93
216,101
216,138
216,150
216,159
216,193
216,195
216,212
216,255
216,259
216,262
216,284
216,291
216,294
216,301
216,320
218,212
219,10
219,111
219,124
219,184
219,194
219,224
219,258
219,327
220,8
220,48
220,57
220,58
220,59
220,97
220,109
220,119
220,156
220,186
220,234
220,258
220,268
221,14
221,17
221,85
221,178
221,308
221,317
222,29
222,44
222,50
222,55
222,177
222,179
222,182
222,245
222,258
223,4
223,10
223,36
223,66
223,70
223,89
223,93
223,94
223,138
223,149
223,156
223,161
223,171
223,178
223,186
223,197
223,198
223,202
223,209
223,210
223,230
223,232
223,249
223,273
223,287
223,291
223,294
223,297
223,320
223,327
223,337
224,1
224,9
224,29
224,74
224,111
224,119
224,184
224,219
224,242
224,256
225,1
225,10
225,46
225,49
225,111
225,161
226,9
227,229
228,193
229,227
230,19
230,212
230,223
230,255
230,285
230,299
231,15
231,67
231,241
231,327
232,223
232,257
233,43
234,6
234,46
234,49
234,72
234,140
234,190
234,194
234,210
234,220
234,258
234,266
235,8
235,67
238,36
238,153
239,54
239,98
239,150
239,158
240,111
241,8
241,10
241,29
241,52
241,58
241,67
241,78
241,126
241,178
241,210
241,231
241,242
241,258
242,44
242,46
242,78
242,111
242,142
242,183
242,184
242,194
242,224
242,241
242,258
245,6
245,29
245,66
245,222
245,288
245,292
246,173
248,12
248,34
248,50
249,6
249,22
249,29
249,35
249,44
249,59
249,75
249,89
249,102
249,136
249,149
249,156
249,161
249,183
249,202
249,210
249,223
249,266
249,284
249,287
249,292
249,308
249,310
250,15
250,184
252,9
252,25
252,32
252,46
252,48
252,57
252,156
252,196
252,257
254,184
255,93
255,133
255,216
255,230
255,259
256,224
257,10
257,20
257,57
257,58
257,67
257,76
257,78
257,103
257,105
257,138
257,171
257,191
257,194
257,196
257,202
257,232
257,252
257,258
257,268
257,287
257,327
258,1
258,8
258,19
258,20
258,36
258,48
258,52
258,57
258,63
258,66
258,72
258,74
258,76
258,78
258,124
258,133
258,150
258,156
258,171
258,184
258,194
258,196
258,219
258,220
258,222
258,234
258,241
258,242
258,257
258,285
258,292
258,299
258,300
258,315
258,321
258,327
259,216
259,255
259,282
260,134
260,158
261,24
261,25
261,97
261,214
261,283
261,334
262,216
263,10
263,24
263,42
263,44
263,75
263,97
263,171
263,201
263,214
264,267
266,1
266,8
266,10
266,72
266,97
266,111
266,126
266,161
266,186
266,192
266,210
266,234
266,249
266,292
266,310
267,180
267,264
267,333
268,1
268,8
268,20
268,123
268,150
268,220
268,257
270,172
273,10
273,29
273,171
273,210
273,223
273,321
275,291
277,321
278,35
279,172
279,333
282,259
283,1
283,77
283,136
283,161
283,178
283,210
283,261
284,66
284,85
284,102
284,111
284,124
284,216
284,249
285,15
285,230
285,258
285,299
286,174
286,298
287,29
287,46
287,210
287,223
287,249
287,257
287,327
288,130
288,245
290,1
290,142
291,197
291,216
291,223
291,275
292,9
292,29
292,52
292,54
292,72
292,75
292,82
292,99
292,126
292,127
292,194
292,245
292,249
292,258
292,266
292,310
292,334
293,67
294,35
294,89
294,212
294,216
294,223
297,89
297,223
298,174
298,286
299,73
299,173
299,230
299,258
299,285
300,82
300,119
300,192
300,194
300,258
301,216
302,210
303,10
303,29
303,72
303,109
303,161
303,178
303,184
303,186
303,194
303,210
305,197
307,193
308,10
308,23
308,29
308,44
308,49
308,56
308,66
308,68
308,75
308,89
308,126
308,136
308,149
308,169
308,171
308,178
308,197
308,202
308,210
308,221
308,249
308,331
309,90
309,116
310,1
310,8
310,21
310,23
310,29
310,44
310,49
310,58
310,75
310,77
310,82
310,133
310,156
310,177
310,192
310,199
310,249
310,266
310,292
315,258
316,37
317,196
317,221
320,11
320,132
320,138
320,158
320,216
320,223
320,337
321,10
321,22
321,57
321,76
321,105
321,136
321,171
321,210
321,211
321,258
321,273
321,277
324,21
324,208
327,8
327,10
327,19
327,42
327,43
327,52
327,58
327,66
327,78
327,97
327,105
327,133
327,156
327,178
327,184
327,186
327,191
327,194
327,202
327,210
327,211
327,219
327,223
327,231
327,257
327,258
327,287
329,97
329,111
329,124
329,142
329,210
329,334
331,308
332,18
332,131
332,136
332,193
333,267
333,279
334,8
334,9
334,29
334,72
334,97
334,140
334,178
334,184
334,186
334,261
334,292
334,329
335,10
335,29
335,42
335,44
335,72
335,97
335,102
335,119
335,178
335,197
335,199
335,210
336,23
336,199
337,11
337,138
337,158
337,223
337,320
